0
1
3
4
5
6
7
9
10
11
12
13
14
15
16
17
18
20
21
22
23
24
25
26
27
28
29
32
33
34
35
36
38
40
41
42
43
44
45
46
47
48
49
50
51
52
54
56
57
58
59
60
62
63
65
68
69
70
71
72
73
74
75
76
77
78
79
80
81
82
83
84
85
86
87
88
89
91
92
93
94
95
96
98
99
100
101
102
103
104
105
107
108
109
111
112
113
116
117
118
119
120
123
124
125
126
127
128
129
130
131
132
133
135
136
137
138
139
140
141
142
144
145
148
149
151
152
153
154
155
156
157
158
159
160
161
162
163
164
165
167
168
170
172
173
174
175
176
177
178
179
180
181
182
183
184
185
186
187
188
189
190
191
192
193
195
196
198
199
200
201
202
203
205
206
208
209
211
212
213
214
216
217
218
219
221
222
223
224
226
229
231
232
235
236
237
238
239
240
242
243
244
247
248
249
250
251
252
253
254
255
256
257
259
262
263
264
266
268
269
270
271
272
273
274
276
277
278
279
280
283
284
285
286
287
288
289
290
291
292
293
294
295
296
297
299
301
302
303
304
305
307
308
309
310
311
312
314
315
316
317
318
319
321
322
324
325
326
327
329
330
334
335
336
337
338
339
340
344
345
346
347
348
349
354
355
356
357
358
362
363
364
365
366
367
368
370
371
372
373
374
375
376
377
378
380
381
382
383
384
385
387
388
389
390
392
393
394
395
396
397
398
400
401
402
404
406
407
408
409
411
412
413
414
415
416
417
418
420
421
422
423
424
425
426
427
428
429
430
431
432
433
434
435
436
437
438
439
440
442
443
444
445
446
447
448
449
451
452
453
454
455
456
457
458
459
460
461
462
463
464
465
466
467
468
469
470
471
473
474
475
476
477
478
479
480
481
482
483
484
485
487
488
489
491
492
493
494
495
496
497
498
501
502
504
506
507
508
509
510
511
